xc: 0 0 0.0
x0: 0.0 0.0 0.0
field: 1
0.0 0.0 2.0
sources: 1
0.0 0.0 0.0 1.0 0
ix: -1 0 0
iy: 0 1 0
iz: 0 0 -1
ix: 0 0 1
iy: 0.707106781186547 0.707106781186547 0
iz: -0.707106781186547 0.707106781186547 0
