x0: 0.1 0.0  0.0
x1: 3.3 3.1  2.1
x2: 0.1 0.2 -0.1
sources: 2 2
0.3 -0.1 -0.3 1 1 2.5 -1.3 1 2.5
0.2  0.2  0.3 1 1 2.5 -1.3 1 2.5
ix: -1 0 0
iy: 0 1 0
iz: 0 0 -1
ix: 0 0 1
iy: 0.707106781186547 0.707106781186547 0
iz: -0.707106781186547 0.707106781186547 0
field: 2
2.5 1.45 1.5
4.5 1.45 -1.5
