xc: 0 0 0.0
x0: 0.0 0.0 0.0
field: 1
2.5 1.45 1.5
sources: 1
0.1 -0.1 -0.3 1.3 3.3
ix: -1 0 0
iy: 0 1 0
iz: 0 0 -1
ix: 0 0 1
iy: 0.707106781186547 0.707106781186547 0
iz: -0.707106781186547 0.707106781186547 0
